85695 183.7259 0.5778871 0.0670987496172317
85698 183.657 0.4763823 0.0528891273489869
85699 183.6671 0.5500982 0.04378152408286
85700 183.6978 0.5152193 1.92920034424697e-05
85701 183.6999 0.516369 0.0021421588884883
85703 183.7197 0.4851711 0.0356564951791056
85704 183.7376 0.5024437 0.0370123463055463
85705 183.7368 0.4996623 0.037449325128776
85706 183.7594 0.5368825 0.0574861063691646
85712 183.6846 0.5738983 0.0597582926031663
85713 183.6981 0.5842706 0.0690516860108382
85714 183.7002 0.5067833 0.00868724175351467
85715 183.7002 0.5032679 0.0121303996555543
85716 183.7014 0.5863309 0.0711768449388683
85717 183.7236 0.5551062 0.0456343729686921
85718 183.6682 0.6145211 0.102399834900156
85719 183.6809 0.503839 0.0186476849069403
85720 183.7011 0.6168408 0.101659061308228
85721 183.7019 0.4659417 0.0494086690572945
85724 183.7558 0.5073188 0.0511754446632276
85732 183.6798 0.570378 0.0572755773114203
85733 183.6802 0.4530762 0.0640693816152013
85736 183.7304 0.6133986 0.101958529478207
85738 183.7452 0.534644 0.0453655621572788
85739 183.762 0.501409 0.0577364579490685
85741 183.6653 0.5963763 0.0857250231686146
85742 183.6904 0.549512 0.0348837466566721
85743 183.7005 0.4836649 0.0316418472498841
85745 183.7456 0.5092335 0.0420727213918941
85753 183.786 0.5284877 0.0775768987360401
85759 183.7698 0.5407599 0.0672110759958427
695471 183.6997 0.5042249 0.0111159315638293
695472 183.702 0.5000057 0.0156455682310772
695475 183.6594 0.5851448 0.0772095309170404
695476 183.7005 0.575376 0.0602002035218716
695478 183.7205 0.5053793 0.0220999099044421
